1.705235 -0.290166 1591 1574
1.778882 -0.100858 1789 1557
1.763959 0.168012 2059 1556
1.711875 0.388912 2281 1562
1.485007 0.385146 2353 1620
1.522194 0.117880 2020 1612
1.583551 -0.138268 1730 1602
1.576850 -0.328059 1502 1604
1.287357 -0.362149 1376 1703
1.256037 -0.157292 1658 1711
1.202755 0.142938 2100 1726
1.174636 0.408401 2517 1740
0.824464 0.368091 2728 1998
0.826293 0.100024 2093 2002
0.849366 -0.144155 1526 1989
0.854516 -0.376331 1021 1999
0.576993 -0.365957 437 2518
0.559763 -0.156051 1237 2539
0.549421 0.157085 2442 2531
